270.400000 1
273.200000 32
276.000000 136
277.600000 128
277.800000 64
278.600000 8
278.800000 64
279.000000 256
279.200000 64
280.200000 192
280.400000 256
280.600000 896
280.700000 160
281.400000 64
281.600000 38
281.800000 256
282.000000 768
282.100000 32
282.200000 256
282.400000 32
282.800000 440
283.000000 64
283.200000 512
283.400000 3840
283.500000 256
283.600000 960
284.000000 8
284.200000 368
284.400000 688
284.600000 656
284.800000 2432
284.900000 160
285.000000 2560
285.100000 704
285.200000 1264
285.300000 112
285.400000 32
285.600000 136
285.800000 1088
286.000000 1072
286.100000 64
286.200000 1504
286.300000 528
286.400000 7936
286.500000 1024
286.600000 1984
286.700000 1456
286.800000 237
287.000000 856
287.200000 1036
287.400000 2720
287.500000 64
287.600000 5184
287.700000 144
287.800000 7552
287.900000 1664
288.000000 11816
288.100000 3840
288.200000 1128
288.300000 192
288.400000 400
288.600000 1408
288.800000 5664
288.900000 352
289.000000 6176
289.100000 528
289.200000 11616
289.300000 1856
289.400000 18272
289.500000 8832
289.600000 4290
289.700000 2080
289.800000 1784
289.900000 192
290.000000 2560
290.200000 15800
290.300000 224
290.400000 7616
290.500000 1824
290.600000 17828
290.700000 3872
290.800000 41680
290.900000 10648
291.000000 17988
291.100000 7520
291.200000 3466
291.300000 1104
291.400000 2932
291.600000 14040
291.700000 736
291.800000 22048
291.900000 2208
292.000000 16764
292.100000 3680
292.200000 52456
292.300000 10584
292.400000 27835
292.500000 23648
292.600000 11632
292.700000 7536
292.800000 6392
292.900000 128
293.000000 14448
293.100000 448
293.200000 37600
293.300000 2976
293.400000 35044
293.500000 9472
293.600000 55796
293.700000 16320
293.800000 84510
293.900000 39680
294.000000 28440
294.100000 32584
294.200000 13638
294.300000 1664
294.400000 28916
294.500000 880
294.600000 46016
294.700000 4560
294.800000 89388
294.900000 15744
295.000000 77576
295.100000 21896
295.200000 87444
295.300000 50048
295.400000 73936
295.500000 81240
295.600000 35062
295.700000 15072
295.800000 33032
295.900000 3040
296.000000 62451
296.100000 6576
296.200000 141700
296.300000 25472
296.400000 123056
296.500000 35048
296.600000 143544
296.700000 71784
296.800000 193272
296.900000 147952
297.000000 50038
297.100000 57376
297.200000 61416
297.300000 6744
297.400000 91100
297.500000 7424
297.600000 231548
297.700000 24432
297.800000 182360
297.900000 67552
298.000000 233933
298.100000 83432
298.200000 256648
298.300000 218448
298.400000 105654
298.500000 148448
298.600000 98584
298.700000 32856
298.800000 127915
298.900000 9624
299.000000 295056
299.100000 37512
299.200000 329340
299.300000 89520
299.400000 288480
299.500000 155032
299.600000 418992
299.700000 279000
299.800000 224206
299.900000 315920
300.000000 157941
300.100000 121984
300.200000 242968
300.300000 23504
300.400000 362432
300.500000 48816
300.600000 529378
300.700000 123936
300.800000 416190
300.900000 256232
301.000000 497752
301.100000 359872
301.200000 400274
301.300000 462672
301.400000 275827
301.500000 367752
301.600000 381421
301.700000 63920
301.800000 478268
301.900000 67536
302.000000 719590
302.100000 155992
302.200000 934950
302.300000 372720
302.400000 732828
302.500000 495048
302.600000 747854
302.700000 706728
302.800000 398594
302.900000 820952
303.000000 588239
303.100000 176296
303.200000 684412
303.300000 99200
303.400000 969312
303.500000 207224
303.600000 1416483
303.700000 526256
303.800000 1020694
303.900000 763240
304.000000 891460
304.100000 998576
304.200000 720597
304.300000 1322944
304.400000 795365
304.500000 446576
304.600000 1093736
304.700000 177408
304.800000 1311082
304.900000 285584
305.000000 1907092
305.100000 622240
305.200000 1677023
305.300000 1114760
305.400000 1436496
305.500000 1232040
305.600000 1218400
305.700000 1902224
305.800000 1055228
305.900000 1073712
306.000000 1439932
306.100000 412416
306.200000 1853380
306.300000 378064
306.400000 2681863
306.500000 784264
306.600000 2343230
306.700000 1476904
306.800000 1784232
306.900000 1976856
307.000000 1570930
307.100000 2604464
307.200000 1497225
307.300000 2085184
307.400000 2030424
307.500000 812496
307.600000 2910656
307.700000 530616
307.800000 3572931
307.900000 986328
308.000000 3714825
308.100000 1977176
308.200000 2780227
308.300000 2856672
308.400000 2688106
308.500000 3514640
308.600000 2059761
308.700000 3308208
308.800000 2669404
308.900000 1688080
309.000000 4081895
309.100000 861696
309.200000 4543280
309.300000 1288368
309.400000 5127882
309.500000 2344544
309.600000 4220204
309.700000 3948056
309.800000 3241340
309.900000 4772424
310.000000 2608203
310.100000 4652736
310.200000 3303680
310.300000 3132008
310.400000 5771286
310.500000 1383272
310.600000 6375742
310.700000 1644704
310.800000 6550391
310.900000 2871888
311.000000 6249818
311.100000 5179032
311.200000 4391994
311.300000 6311312
311.400000 3906328
311.500000 6084448
311.600000 4425368
311.700000 5152168
311.800000 7323563
311.900000 2266208
312.000000 8438341
312.100000 2086928
312.200000 8472466
312.300000 3610288
312.400000 8281322
312.500000 6543744
312.600000 5943090
312.700000 8493424
312.800000 4680698
312.900000 8429512
313.000000 5494580
313.100000 7897512
313.200000 9146960
313.300000 3541304
313.400000 11428270
313.500000 2947408
313.600000 12301898
313.700000 4589704
313.800000 11540002
313.900000 8097200
314.000000 8050368
314.100000 10898848
314.200000 6177844
314.300000 11585544
314.400000 7310978
314.500000 10565632
314.600000 11136418
314.700000 5225456
314.800000 14667813
314.900000 4024656
315.000000 15701545
315.100000 5899408
315.200000 13989882
315.300000 9177392
315.400000 10121312
315.500000 13481952
315.600000 7870084
315.700000 14762712
315.800000 9014660
315.900000 13569200
316.000000 12506432
316.100000 7867872
316.200000 17816008
316.300000 5520760
316.400000 20362034
316.500000 7304144
316.600000 18187044
316.700000 10795408
316.800000 13698469
316.900000 16505936
317.000000 10111523
317.100000 18923536
317.200000 10669979
317.300000 17617792
317.400000 15348873
317.500000 10522608
317.600000 22393638
317.700000 7390072
317.800000 26615058
317.900000 8473200
318.000000 22689918
318.100000 13148424
318.200000 15805727
318.300000 20205408
318.400000 11427577
318.500000 22807360
318.600000 11987354
318.700000 21904312
318.800000 17916282
318.900000 13353080
319.000000 25663420
319.100000 9372072
319.200000 31359262
319.300000 9932616
319.400000 27814051
319.500000 15332544
319.600000 19590406
319.700000 22656040
319.800000 13856773
319.900000 26758240
320.000000 13919074
320.100000 26694800
320.200000 20989121
320.300000 16814688
320.400000 28416080
320.500000 11276984
320.600000 38041908
320.700000 11380168
320.800000 34127424
320.900000 18439480
321.000000 22833499
321.100000 25442672
321.200000 15646579
321.300000 31961528
321.400000 15030127
321.500000 30896608
321.600000 24009770
321.700000 19099544
321.800000 31473997
321.900000 13155960
322.000000 44373085
322.100000 12931304
322.200000 37743810
322.300000 20418936
322.400000 24860355
322.500000 28367072
322.600000 17033342
322.700000 35911368
322.800000 16544699
322.900000 33796416
323.000000 24685795
323.100000 21690432
323.200000 34155051
323.300000 14819592
323.400000 49726889
323.500000 14341416
323.600000 41032610
323.700000 21013248
323.800000 28653345
323.900000 31479984
324.000000 18462206
324.100000 40667896
324.200000 17512670
324.300000 35730760
324.400000 25284849
324.500000 24276064
324.600000 37949968
324.700000 16144816
324.800000 54416420
324.900000 14791336
325.000000 42596974
325.100000 21752096
325.200000 30598362
325.300000 34888072
325.400000 19534666
325.500000 42367032
325.600000 17509320
325.700000 35325352
325.800000 25045568
325.900000 24948192
326.000000 40298046
326.100000 16638752
326.200000 52886415
326.300000 14884296
326.400000 41203056
326.500000 21338008
326.600000 30705062
326.700000 36788552
326.800000 19029018
326.900000 40950976
327.000000 17219426
327.100000 35135944
327.200000 23796996
327.300000 25437176
327.400000 41400444
327.500000 16184928
327.600000 50701236
327.700000 14748672
327.800000 41694262
327.900000 20836248
328.000000 31373938
328.100000 36307440
328.200000 18255276
328.300000 39586904
328.400000 16216243
328.500000 34683792
328.600000 23022474
328.700000 24054840
328.800000 39135733
328.900000 15211880
329.000000 46191657
329.100000 13592400
329.200000 38373848
329.300000 19712776
329.400000 27260665
329.500000 32929520
329.600000 16674560
329.700000 35548296
329.800000 14709990
329.900000 31003528
330.000000 20723249
330.100000 20661544
330.200000 34019802
330.300000 13591344
330.400000 39584289
330.500000 12310168
330.600000 33324802
330.700000 17227352
330.800000 23441547
330.900000 28806312
331.000000 14826424
331.100000 30835992
331.200000 13495658
331.300000 26552264
331.400000 17531356
331.500000 17772880
331.600000 28489668
331.700000 11647760
331.800000 32732316
331.900000 10618688
332.000000 27361305
332.100000 14371904
332.200000 19587644
332.300000 23180008
332.400000 12291513
332.500000 24618048
332.600000 10716749
332.700000 21083344
332.800000 14086566
332.900000 14378936
333.000000 21793261
333.100000 9612776
333.200000 24201412
333.300000 8249872
333.400000 20094833
333.500000 11054872
333.600000 14831448
333.700000 17158296
333.800000 9801526
333.900000 17739792
334.000000 8313077
334.100000 15518768
334.200000 10355100
334.300000 10926272
334.400000 15417600
334.500000 7211528
334.600000 16361138
334.700000 6435408
334.800000 14409980
334.900000 7694728
335.000000 10937606
335.100000 11636416
335.200000 6885613
335.300000 11813688
335.400000 6218216
335.500000 10916408
335.600000 6875386
335.700000 7783048
335.800000 9610806
335.900000 4920000
336.000000 9986721
336.100000 4424136
336.200000 9258606
336.300000 4882624
336.400000 7073427
336.500000 6901712
336.600000 4664116
336.700000 6847448
336.800000 3936581
336.900000 6756040
337.000000 4024182
337.100000 4818520
337.200000 5338238
337.300000 3436816
337.400000 5506928
337.500000 2748712
337.600000 5498548
337.700000 2672536
337.800000 4057748
337.900000 3622072
338.000000 3040917
338.100000 3610232
338.200000 2347028
338.300000 3858760
338.400000 2067925
338.500000 2752304
338.600000 2602512
338.700000 2159384
338.800000 2702023
338.900000 1561952
339.000000 2892362
339.100000 1321784
339.200000 2205774
339.300000 1698392
339.400000 1721610
339.500000 1703520
339.600000 1233861
339.700000 1890936
339.800000 961479
339.900000 1381944
340.000000 1096442
340.100000 1168480
340.200000 1113926
340.300000 767160
340.400000 1264910
340.500000 589216
340.600000 1016388
340.700000 672440
340.800000 894584
340.900000 667240
341.000000 572086
341.100000 785736
341.200000 428952
341.300000 630216
341.400000 422190
341.500000 583216
341.600000 414999
341.700000 352104
341.800000 477300
341.900000 253208
342.000000 396192
342.100000 232456
342.200000 382556
342.300000 204424
342.400000 247968
342.500000 262280
342.600000 168079
342.700000 251280
342.800000 142392
342.900000 230448
343.000000 118116
343.100000 158192
343.200000 147576
343.300000 105488
343.400000 133192
343.500000 83960
343.600000 144376
343.700000 50496
343.800000 99778
343.900000 71744
344.000000 71776
344.100000 75384
344.200000 42978
344.300000 81696
344.400000 30006
344.500000 59024
344.600000 38892
344.700000 44616
344.800000 34936
344.900000 25008
345.000000 41852
345.100000 14504
345.200000 26927
345.300000 14224
345.400000 25206
345.500000 14816
345.600000 13056
345.700000 18440
345.800000 6102
345.900000 15120
346.000000 6409
346.100000 12760
346.200000 7618
346.300000 6224
346.400000 10180
346.500000 3608
346.600000 5164
346.700000 4656
346.800000 7942
346.900000 2496
347.000000 3236
347.100000 2336
347.200000 2256
347.300000 2144
347.400000 2046
347.500000 3696
347.600000 1608
347.700000 1664
347.800000 896
347.900000 1760
348.000000 1346
348.100000 1360
348.200000 1658
348.300000 640
348.400000 352
348.500000 232
348.600000 984
348.700000 280
348.800000 712
348.900000 504
349.000000 320
349.100000 288
349.200000 32
349.300000 640
349.400000 248
349.500000 480
349.600000 254
349.700000 96
350.000000 288
350.100000 184
350.200000 224
350.400000 92
350.700000 88
350.800000 64
350.900000 64
351.400000 8
351.500000 184
352.200000 48
352.900000 24
353.600000 8
354.400000 16
