6.400000000000000000e+01 1.000000000000000000e+00
7.200000000000000000e+01 3.200000000000000000e+01
8.000000000000000000e+01 2.080000000000000000e+02
8.200000000000000000e+01 1.280000000000000000e+02
8.400000000000000000e+01 6.400000000000000000e+01
8.600000000000000000e+01 4.160000000000000000e+02
8.800000000000000000e+01 1.064000000000000000e+03
9.000000000000000000e+01 5.440000000000000000e+02
9.200000000000000000e+01 1.576000000000000000e+03
9.400000000000000000e+01 1.904000000000000000e+03
9.600000000000000000e+01 6.756000000000000000e+03
9.800000000000000000e+01 5.776000000000000000e+03
1.000000000000000000e+02 8.000000000000000000e+03
1.020000000000000000e+02 1.652800000000000000e+04
1.040000000000000000e+02 2.668300000000000000e+04
1.060000000000000000e+02 2.971200000000000000e+04
1.080000000000000000e+02 5.937600000000000000e+04
1.100000000000000000e+02 7.412000000000000000e+04
1.120000000000000000e+02 1.293300000000000000e+05
1.140000000000000000e+02 1.508120000000000000e+05
1.160000000000000000e+02 2.491860000000000000e+05
1.180000000000000000e+02 3.479120000000000000e+05
1.200000000000000000e+02 5.142840000000000000e+05
1.220000000000000000e+02 6.284120000000000000e+05
1.240000000000000000e+02 1.047759000000000000e+06
1.260000000000000000e+02 1.273070000000000000e+06
1.280000000000000000e+02 1.889868000000000000e+06
1.300000000000000000e+02 2.405336000000000000e+06
1.320000000000000000e+02 3.459494000000000000e+06
1.340000000000000000e+02 4.377896000000000000e+06
1.360000000000000000e+02 6.020427000000000000e+06
1.380000000000000000e+02 7.637998000000000000e+06
1.400000000000000000e+02 1.040481700000000000e+07
1.420000000000000000e+02 1.281204000000000000e+07
1.440000000000000000e+02 1.719451600000000000e+07
1.460000000000000000e+02 2.121409200000000000e+07
1.480000000000000000e+02 2.722451400000000000e+07
1.500000000000000000e+02 3.286467600000000000e+07
1.520000000000000000e+02 4.226572300000000000e+07
1.540000000000000000e+02 4.997894200000000000e+07
1.560000000000000000e+02 6.221770500000000000e+07
1.580000000000000000e+02 7.355827700000000000e+07
1.600000000000000000e+02 8.923318300000000000e+07
1.620000000000000000e+02 1.021520860000000000e+08
1.640000000000000000e+02 1.226108330000000000e+08
1.660000000000000000e+02 1.370800170000000000e+08
1.680000000000000000e+02 1.615989180000000000e+08
1.700000000000000000e+02 1.765505460000000000e+08
1.720000000000000000e+02 2.032952720000000000e+08
1.740000000000000000e+02 2.161539140000000000e+08
1.760000000000000000e+02 2.443338530000000000e+08
1.780000000000000000e+02 2.522128410000000000e+08
1.800000000000000000e+02 2.780389970000000000e+08
1.820000000000000000e+02 2.799366740000000000e+08
1.840000000000000000e+02 2.991720330000000000e+08
1.860000000000000000e+02 2.929678750000000000e+08
1.880000000000000000e+02 3.036835930000000000e+08
1.900000000000000000e+02 2.888121000000000000e+08
1.920000000000000000e+02 2.877134310000000000e+08
1.940000000000000000e+02 2.660032610000000000e+08
1.960000000000000000e+02 2.541098100000000000e+08
1.980000000000000000e+02 2.261728000000000000e+08
2.000000000000000000e+02 2.084161110000000000e+08
2.020000000000000000e+02 1.776999030000000000e+08
2.040000000000000000e+02 1.558143330000000000e+08
2.060000000000000000e+02 1.264123670000000000e+08
2.080000000000000000e+02 1.049873730000000000e+08
2.100000000000000000e+02 8.136008200000000000e+07
2.120000000000000000e+02 6.384985200000000000e+07
2.140000000000000000e+02 4.599600200000000000e+07
2.160000000000000000e+02 3.342322600000000000e+07
2.180000000000000000e+02 2.224802700000000000e+07
2.200000000000000000e+02 1.525811700000000000e+07
2.220000000000000000e+02 9.212266000000000000e+06
2.240000000000000000e+02 5.682532000000000000e+06
2.260000000000000000e+02 2.960313000000000000e+06
2.280000000000000000e+02 1.638627000000000000e+06
2.300000000000000000e+02 7.979060000000000000e+05
2.320000000000000000e+02 3.732330000000000000e+05
2.340000000000000000e+02 1.299540000000000000e+05
2.360000000000000000e+02 5.502600000000000000e+04
2.380000000000000000e+02 1.867600000000000000e+04
2.400000000000000000e+02 6.949000000000000000e+03
2.420000000000000000e+02 1.472000000000000000e+03
2.440000000000000000e+02 4.980000000000000000e+02
2.480000000000000000e+02 1.440000000000000000e+02
2.560000000000000000e+02 1.000000000000000000e+00
