1.280000000000000000e+02 7.000000000000000000e+01
1.360000000000000000e+02 8.080000000000000000e+02
1.380000000000000000e+02 9.600000000000000000e+02
1.400000000000000000e+02 3.216000000000000000e+03
1.420000000000000000e+02 2.432000000000000000e+03
1.440000000000000000e+02 1.008000000000000000e+04
1.460000000000000000e+02 2.211200000000000000e+04
1.480000000000000000e+02 4.478600000000000000e+04
1.500000000000000000e+02 7.191900000000000000e+04
1.520000000000000000e+02 1.761990000000000000e+05
1.540000000000000000e+02 2.985070000000000000e+05
1.560000000000000000e+02 5.878050000000000000e+05
1.580000000000000000e+02 1.037136000000000000e+06
1.600000000000000000e+02 1.984773000000000000e+06
1.620000000000000000e+02 3.243725000000000000e+06
1.640000000000000000e+02 5.973009000000000000e+06
1.660000000000000000e+02 9.528559000000000000e+06
1.680000000000000000e+02 1.628178800000000000e+07
1.700000000000000000e+02 2.575190200000000000e+07
1.720000000000000000e+02 4.103164000000000000e+07
1.740000000000000000e+02 6.133266900000000000e+07
1.760000000000000000e+02 9.293521600000000000e+07
1.780000000000000000e+02 1.300837180000000000e+08
1.800000000000000000e+02 1.857246320000000000e+08
1.820000000000000000e+02 2.421009430000000000e+08
1.840000000000000000e+02 3.228974220000000000e+08
1.860000000000000000e+02 3.875847920000000000e+08
1.880000000000000000e+02 4.757550410000000000e+08
1.900000000000000000e+02 5.222430350000000000e+08
1.920000000000000000e+02 5.808179790000000000e+08
1.940000000000000000e+02 5.694062870000000000e+08
1.960000000000000000e+02 5.566709170000000000e+08
1.980000000000000000e+02 4.800376340000000000e+08
2.000000000000000000e+02 4.047607810000000000e+08
2.020000000000000000e+02 2.968905540000000000e+08
2.040000000000000000e+02 2.100724360000000000e+08
2.060000000000000000e+02 1.288721470000000000e+08
2.080000000000000000e+02 7.603048500000000000e+07
2.100000000000000000e+02 3.687928200000000000e+07
2.120000000000000000e+02 1.757140400000000000e+07
2.140000000000000000e+02 6.817557000000000000e+06
2.160000000000000000e+02 2.625990000000000000e+06
2.180000000000000000e+02 7.992750000000000000e+05
2.200000000000000000e+02 2.282800000000000000e+05
2.220000000000000000e+02 4.006400000000000000e+04
2.240000000000000000e+02 2.003500000000000000e+04
