1.920000000000000000e+02 2.000000000000000000e+00
2.000000000000000000e+02 2.560000000000000000e+02
2.040000000000000000e+02 2.048000000000000000e+03
2.060000000000000000e+02 4.096000000000000000e+03
2.080000000000000000e+02 2.336000000000000000e+04
2.100000000000000000e+02 9.420800000000000000e+04
2.120000000000000000e+02 3.870720000000000000e+05
2.140000000000000000e+02 1.097728000000000000e+06
2.160000000000000000e+02 3.637824000000000000e+06
2.180000000000000000e+02 7.864320000000000000e+06
2.200000000000000000e+02 1.912627200000000000e+07
2.220000000000000000e+02 2.913484800000000000e+07
2.240000000000000000e+02 4.289283200000000000e+07
2.260000000000000000e+02 2.913484800000000000e+07
2.280000000000000000e+02 1.912627200000000000e+07
2.300000000000000000e+02 7.864320000000000000e+06
2.320000000000000000e+02 3.637824000000000000e+06
2.340000000000000000e+02 1.097728000000000000e+06
2.360000000000000000e+02 3.870720000000000000e+05
2.380000000000000000e+02 9.420800000000000000e+04
2.400000000000000000e+02 2.336000000000000000e+04
2.420000000000000000e+02 4.096000000000000000e+03
2.440000000000000000e+02 2.048000000000000000e+03
2.480000000000000000e+02 2.560000000000000000e+02
2.560000000000000000e+02 2.000000000000000000e+00
