137.600000 4
144.000000 128
145.600000 128
147.200000 1024
149.600000 1024
150.400000 7488
150.600000 512
152.000000 3072
152.400000 512
152.800000 16
153.200000 512
153.400000 512
153.600000 8576
153.800000 6144
154.200000 512
154.400000 16
154.600000 6144
155.000000 1536
155.200000 19464
155.600000 6464
155.800000 512
156.000000 19456
156.400000 14080
156.600000 6144
156.800000 2048
157.000000 41472
157.200000 6464
157.400000 6144
157.600000 2944
157.800000 59904
158.000000 1024
158.200000 21504
158.400000 142688
158.600000 41472
158.800000 1024
159.000000 21504
159.200000 110976
159.400000 4608
159.600000 130560
159.800000 41472
160.000000 142752
160.200000 6144
160.400000 130560
160.600000 59904
160.800000 54080
161.000000 408576
161.200000 6976
161.400000 43008
161.600000 19648
161.800000 408576
162.000000 14080
162.200000 215552
162.400000 791808
162.600000 6656
162.800000 20544
163.000000 7680
163.200000 791812
163.400000 2048
163.600000 1114880
163.800000 408576
164.000000 21392
164.200000 60416
164.400000 14592
164.600000 408576
164.800000 5056
165.000000 2780160
165.200000 130560
165.400000 27648
165.600000 110992
165.800000 59904
166.000000 131072
166.200000 22016
166.400000 5677936
166.600000 22016
166.800000 131072
167.000000 59904
167.200000 110992
167.400000 27648
167.600000 130560
167.800000 2780160
168.000000 5056
168.200000 408576
168.400000 14592
168.600000 60416
168.800000 21392
169.000000 408576
169.200000 1114880
169.400000 2048
169.600000 791812
169.800000 7680
170.000000 20544
170.200000 6656
170.400000 791808
170.600000 215552
170.800000 14080
171.000000 408576
171.200000 19648
171.400000 43008
171.600000 6976
171.800000 408576
172.000000 54080
172.200000 59904
172.400000 130560
172.600000 6144
172.800000 142752
173.000000 41472
173.200000 130560
173.400000 4608
173.600000 110976
173.800000 21504
174.000000 1024
174.200000 41472
174.400000 142688
174.600000 21504
174.800000 1024
175.000000 59904
175.200000 2944
175.400000 6144
175.600000 6464
175.800000 41472
176.000000 2048
176.200000 6144
176.400000 14080
176.800000 19456
177.000000 512
177.200000 6464
177.600000 19464
177.800000 1536
178.200000 6144
178.400000 16
178.600000 512
179.000000 6144
179.200000 8576
179.400000 512
179.600000 512
180.000000 16
180.400000 512
180.800000 3072
182.200000 512
182.400000 7488
183.200000 1024
185.600000 1024
187.200000 128
188.800000 128
195.200000 4
