856.000000 16
860.000000 256
862.000000 1280
864.000000 18912
866.000000 5632
868.000000 13392
870.000000 43136
872.000000 123876
874.000000 161280
876.000000 600528
878.000000 647424
880.000000 888936
882.000000 2070784
884.000000 2264288
886.000000 1778816
888.000000 6772888
890.000000 1778816
892.000000 2264288
894.000000 2070784
896.000000 888936
898.000000 647424
900.000000 600528
902.000000 161280
904.000000 123876
906.000000 43136
908.000000 13392
910.000000 5632
912.000000 18912
914.000000 1280
916.000000 256
920.000000 16
